% -------------------------------------------------------------------
%  Generated by MATLAB on 4-Mar-2015 20:07:25
%  MATLAB version: 8.3.0.532 (R2014a)
% -------------------------------------------------------------------
                               

H1 = complex([0.99999999999999978; 0.99935201546641661; 0.99741307762676135; 0.99419813701450543; ...
              0.98973179215404394; 0.98404782295298687; 0.97718856063160431; ...
              0.969204115798597; 0.96015149035672032; 0.950093601656913; ...
              0.93909824864740854; 0.92723704971427034; 0.91458438059889857; ...
              0.90121633839249682; 0.88720975438167793; 0.87264127471198716; ...
              0.857586523708348; 0.84211936048754465; 0.826311235430736; ...
              0.81023064932553057; 0.79394271466348187; 0.77750881577059328; ...
              0.76098636219364; 0.74442862806567289; 0.72788466900251136; ...
              0.71139930738978041; 0.69501317664443019; 0.67876281510612957; ...
              0.66268080056111456; 0.6467959169554901; 0.63113334555387457; ...
              0.61571487358758636; 0.600559114267918; 0.58568173287688019; ...
              0.57109567446108578; 0.55681138942284869; 0.54283705401159321; ...
              0.52917878335939794; 0.51584083527278235; 0.50282580348801975; ...
              0.4901347995214661; 0.47776762260360545; 0.4657229174810138; ...
              0.45399832011020641; 0.44259059145763679; 0.43149573976727207; ...
              0.420709131767183; 0.41022559336516534; 0.4000395004357209; ...
              0.39014486033142426; 0.38053538476493876; 0.37120455470727926; ...
              0.36214567793645347; 0.35335193985096586; 0.34481644813702583; ...
              0.33653227184848333; 0.32849247542601062; 0.32069014814802871; ...
              0.31311842947133067; 0.30577053068496735; 0.29863975326733683; ...
              0.29171950430395416; 0.285003309292371; 0.27848482263136193; ...
              0.27215783606392996; 0.26601628531795324; 0.260054255164411; ...
              0.25426598309108278; 0.24864586176933415; 0.24318844047303309; ...
              0.23788842559169093; 0.23274068036449572; 0.22774022394791524; ...
              0.22288222991687714; 0.21816202428810522; 0.21357508314388718; ...
              0.20911702992529083; 0.20478363245553891; 0.20057079974681327; ...
              0.19647457863710377; 0.19249115029778863; 0.18861682664733442; ...
              0.1848480467018076; 0.18118137288870309; 0.17761348734689586; ...
              0.17414118823223607; 0.17076138604541127; 0.1674710999961401; ...
              0.16426745441550794; 0.16114767522627285; 0.15810908647923519; ...
              0.15514910696223486; 0.15226524688701787; 0.14945510465804898; ...
              0.14671636372634186; 0.14404678953050407; 0.14144422652644142; ...
              0.13890659530651306; 0.1364318898083782; 0.13401817461329479; ...
              0.13166358233323361; 0.12936631108582691; 0.12712462205589234; ...
              0.12493683714203642; 0.12280133668664692; 0.12071655728743716; ...
              0.11868098968857221; 0.11669317674932346; 0.11475171148812188; ...
              0.11285523519983361; 0.11100243564405496; 0.10919204530220276; ...
              0.10742283970118156; 0.1056936358014146; 0.104003290447048; ...
              0.10235069887616481; 0.10073479328887856; 0.09915454147121687; ...
              0.097608945472752645; 0.096097040335982167; 0.094617892875507079; ...
              0.093170600505124476; 0.091754290110987388; 0.0903681169690506; ...
              0.089011263705074575; 0.087682939295515128; 0.086382378107682345; ...
              0.08510883897760918; 0.083861604324122832; 0.082639979297668115; ...
              0.081443290962484288; 0.080270887510788438; 0.07912213750767097; ...
              0.077996429165456; 0.076893169646329723; 0.075811784392086481; ...
              0.07475171647988596; 0.073712426002961878; 0.072693389475262118; ...
              0.0716940992590445; 0.0707140630144889; 0.069752803170428854; ...
              0.068809856415337545; 0.067884773207744248; 0.066977117305287256; ...
              0.066086465311644541; 0.065212406240614432; 0.06435454109664869; ...
              0.063512482471170251; 0.062685854154035867; 0.061874290759529375; ...
              0.061077437366300454; 0.0602949491706835; 0.05952649115286035; ...
              0.0587717377553492; 0.05803037257332571; 0.057302088056303123; ...
              0.056586585220717391; 0.0558835733729834; 0.055192769842605474; ...
              0.054513899724944345; 0.053846695633258113; 0.053190897459651838; ...
              0.052546252144585352; 0.051912513454602592; 0.051289441767962775; ...
              0.050676803867862975; 0.050074372742957715; 0.049481927394893516; ...
              0.048899252652584678; 0.048326138992972882; 0.0477623823680195; ...
              0.047207784037692671; 0.046662150408719544; 0.046125292878884373; ...
              0.0455970276866618; 0.045077175765983; 0.044565562605941564; ...
              0.044062018115252531; 0.043566376491287473; 0.043078476093513215; ...
              0.042598159321171; 0.042125272495038904; 0.041659665743125358; ...
              0.041201192890149542; 0.040749711350669508; 0.040305082025723471; ...
              0.039867169202857218; 0.039435840459413375; 0.039010966568964613; ...
              0.0385924214107773; 0.038180081882195759; 0.037773827813843308; ...
              0.037373541887538081; 0.036979109556827851; 0.036590418970050109; ...
              0.036207360895828329; 0.035829828650917973; 0.035457718030320252; ...
              0.035090927239583507; 0.034729356829216081; 0.034372909631137503; ...
              0.034021490697096195; 0.033675007238987038; 0.03333336857100249; ...
              0.032996486053554631; 0.032664273038907107; 0.032336644818459291; ...
              0.032013518571626563; 0.0316948133162612; 0.031380449860564409; ...
              0.031070350756436813; 0.030764440254221002; 0.030462644258788692; ...
              0.030164890286927943; 0.029871107425987847; 0.029581226293737963; ...
              0.029295178999404; 0.029012899105839724; 0.028734321592798696; ...
              0.028459382821270033; 0.028188020498843277; 0.027920173646068976; ...
              0.027655782563783572; 0.027394788801366515; 0.027137135125900672; ...
              0.026882765492206882; 0.026631625013724316; 0.026383659934210907; ...
              0.026138817600236629; 0.025897046434445788; 0.02565829590956362; ...
              0.025422516523123592; 0.025189659772894248; 0.024959678132981788; ...
              0.02473252503058954; 0.024508154823412519; 0.024286522777648784; ...
              0.02406758504660721; 0.023851298649894985; 0.023637621453166092; ...
              0.023426512148414295; 0.023217930234793686; 0.023011835999951893; ...
              0.022808190501858876; 0.022606955551118097; 0.022408093693745003; ...
              0.022211568194398394; 0.022017343020052382; 0.021825382824094831; ...
              0.021635652930840483; 0.021448119320446057; 0.021262748614216096; ...
              0.021079508060287532; 0.020898365519682511; 0.020719289452718458; ...
              0.020542248905765247; 0.020367213498339493; 0.020194153410525981; ...
              0.020023039370717394; 0.019853842643662814; 0.019686535018816356; ...
              0.01952108879897756; 0.019357476789215181; 0.019195672286066372; ...
              0.019035649067003689; 0.018877381380162071; 0.01872084393431912; ...
              0.018566011889121055; 0.018412860845547892; 0.018261366836611198; ...
              0.018111506318277761; 0.017963256160613339; 0.017816593639140427; ...
              0.017671496426403609; 0.017527942583737795; 0.017385910553233245; ...
              0.01724537914989192; 0.0171063275539706; 0.016968735303505379; ...
              0.016832582287012409; 0.0166978487363609; 0.01656451521981326; ...
